              precision    recall  f1-score   support

           0     0.9809    0.9939    0.9873       980
           1     0.9921    0.9921    0.9921      1135
           2     0.9816    0.9835    0.9826      1032
           3     0.9813    0.9891    0.9852      1010
           4     0.9908    0.9908    0.9908       982
           5     0.9854    0.9843    0.9849       892
           6     0.9905    0.9802    0.9853       958
           7     0.9796    0.9815    0.9806      1028
           8     0.9795    0.9815    0.9805       974
           9     0.9889    0.9732    0.9810      1009

    accuracy                         0.9851     10000
   macro avg     0.9851    0.9850    0.9850     10000
weighted avg     0.9851    0.9851    0.9851     10000
