              precision    recall  f1-score   support

           0     0.9878    0.9929    0.9903       980
           1     0.9930    0.9938    0.9934      1135
           2     0.9855    0.9845    0.9850      1032
           3     0.9765    0.9881    0.9823      1010
           4     0.9949    0.9868    0.9908       982
           5     0.9887    0.9821    0.9854       892
           6     0.9895    0.9854    0.9874       958
           7     0.9836    0.9893    0.9864      1028
           8     0.9846    0.9836    0.9841       974
           9     0.9861    0.9822    0.9841      1009

    accuracy                         0.9870     10000
   macro avg     0.9870    0.9869    0.9869     10000
weighted avg     0.9870    0.9870    0.9870     10000
