              precision    recall  f1-score   support

           0     0.9818    0.9888    0.9853       980
           1     0.9851    0.9894    0.9873      1135
           2     0.9639    0.9845    0.9741      1032
           3     0.9849    0.9683    0.9765      1010
           4     0.9727    0.9807    0.9767       982
           5     0.9678    0.9787    0.9732       892
           6     0.9904    0.9697    0.9800       958
           7     0.9834    0.9786    0.9810      1028
           8     0.9665    0.9784    0.9724       974
           9     0.9787    0.9574    0.9679      1009

    accuracy                         0.9776     10000
   macro avg     0.9775    0.9775    0.9774     10000
weighted avg     0.9777    0.9776    0.9776     10000
