              precision    recall  f1-score   support

           0     0.9690    0.9888    0.9788       980
           1     0.9816    0.9894    0.9855      1135
           2     0.9588    0.9700    0.9644      1032
           3     0.9641    0.9584    0.9613      1010
           4     0.9690    0.9562    0.9626       982
           5     0.9760    0.9574    0.9666       892
           6     0.9707    0.9697    0.9702       958
           7     0.9687    0.9621    0.9653      1028
           8     0.9629    0.9589    0.9609       974
           9     0.9469    0.9534    0.9501      1009

    accuracy                         0.9668     10000
   macro avg     0.9668    0.9664    0.9666     10000
weighted avg     0.9668    0.9668    0.9668     10000
